Epoch: 0, gbest_position: tensor([[314.35114, 120.84338, 178.44849,   0.00000],
        [429.76630, 259.44507, 700.00000, 547.70734],
        [445.42432,   0.00000,   0.00000,   0.00000],
        [700.00000, 538.52039, 669.37122, 187.24576],
        [700.00000, 323.87173, 344.40710, 122.61522],
        [546.66516, 266.17917, 621.90912,   0.00000],
        [330.27380,   0.00000, 698.36609,   0.00000],
        [451.87662, 694.94391, 700.00000, 700.00000],
        [582.87897, 300.34164, 625.47046,  53.70120],
        [550.16425, 426.64050, 700.00000,   0.00000]], device='cuda:0')
