Epoch: 0, gbest_position: tensor([[322.63040,   7.80899,  41.90609, 686.67023],
        [392.82922, 478.29718, 684.89325, 693.17694],
        [573.00171, 691.00079, 686.84363, 365.45740],
        [683.58704, 482.67349, 219.98343, 694.02045],
        [443.64990,  37.74210, 463.34177, 368.39273],
        [342.61465, 299.34604, 430.81583,  12.29705],
        [353.81757, 204.27299, 169.33296, 249.66310],
        [658.29004, 549.02307, 677.29565,   6.54036],
        [688.16992, 449.17981, 340.03864,   5.57847],
        [469.07977,  19.70247,  10.78372, 686.11292],
        [632.08716,  60.19208,  17.73925, 141.77112],
        [657.76624, 559.55780,   0.77431, 686.54321]], device='cuda:0')
Epoch: 1, gbest_position: tensor([[3.71453e+02, 7.23372e+00, 4.49380e+01, 6.87600e+02],
        [2.81835e+02, 4.12074e+02, 6.86796e+02, 6.93653e+02],
        [6.09230e+02, 6.91917e+02, 6.88809e+02, 3.63668e+02],
        [6.84732e+02, 4.90952e+02, 2.49431e+02, 6.94442e+02],
        [4.18652e+02, 3.82072e+01, 4.81156e+02, 4.13007e+02],
        [3.58057e+02, 2.79427e+02, 4.08031e+02, 9.50115e+00],
        [3.88618e+02, 2.20169e+02, 1.47223e+02, 2.21497e+02],
        [6.97354e+02, 5.27146e+02, 6.68436e+02, 6.08530e+00],
        [6.89128e+02, 4.62551e+02, 3.24906e+02, 5.17551e+00],
        [4.72333e+02, 1.83174e+01, 9.01579e+00, 6.87080e+02],
        [6.16105e+02, 2.31171e+01, 2.24149e+01, 1.44642e+02],
        [6.49820e+02, 6.07439e+02, 6.68231e-01, 6.87536e+02]], device='cuda:0')
Epoch: 2, gbest_position: tensor([[3.55582e+02, 2.36433e+00, 6.99432e+01, 6.95890e+02],
        [6.01636e+02, 6.27645e+02, 6.91239e+02, 6.97895e+02],
        [6.15592e+02, 6.95015e+02, 6.90586e+02, 3.09110e+02],
        [6.94939e+02, 5.01517e+02, 1.10374e+02, 6.98133e+02],
        [4.22012e+02, 2.83374e+01, 4.77270e+02, 2.76819e+02],
        [2.45296e+02, 2.48999e+02, 5.94300e+02, 1.41314e+01],
        [2.43705e+02, 5.42448e+01, 1.38289e+02, 1.51935e+02],
        [6.55867e+02, 5.61352e+02, 6.79564e+02, 2.01747e+00],
        [6.95989e+02, 4.53540e+02, 3.01720e+02, 1.70085e+00],
        [6.00088e+02, 6.07667e+00, 8.62465e+00, 6.95718e+02],
        [6.46118e+02, 9.10829e+01, 8.88697e+00, 1.17726e+02],
        [6.68878e+02, 5.73897e+02, 1.67919e-01, 6.95784e+02]], device='cuda:0')
