Epoch: 0, gbest_position: tensor([[ 29.60622, 141.95807,   0.00000, 700.00000],
        [316.08594, 700.00000, 404.86047, 625.04120],
        [121.56557,   0.00000, 700.00000,  62.10505],
        [238.30455, 700.00000, 546.72754, 565.94238],
        [700.00000,   0.00000,  32.34167,   0.00000],
        [ 73.20269,  83.72452,   9.83463, 700.00000],
        [ 16.25096,   0.00000, 700.00000, 697.14288],
        [  0.00000,   0.00000, 700.00000, 649.55786],
        [ 99.74525, 630.03925, 666.32257, 700.00000],
        [ 46.53030, 621.09375, 120.18849, 619.94452],
        [  0.00000, 660.27118,  52.47826, 676.23108],
        [ 53.50167, 700.00000, 700.00000,  69.43562]], device='cuda:0')
Epoch: 1, gbest_position: tensor([[ 79.33310, 260.60544,  86.89344, 697.67847],
        [115.73286, 580.02625, 168.87778, 635.13287],
        [253.09973,  81.67751, 700.00000, 264.04468],
        [  0.00000, 638.08936, 414.57864, 700.00000],
        [466.11047,  65.63699, 249.84474, 184.74161],
        [267.86020,  39.25302, 191.69290, 568.01776],
        [ 61.30407,  40.60699, 700.00000, 668.31927],
        [  0.00000, 220.02563, 700.00000, 624.06989],
        [102.10167, 432.16943, 506.07520, 700.00000],
        [256.53900, 621.33185, 281.55991, 427.21600],
        [148.68207, 446.64319, 131.96831, 550.16388],
        [259.90680, 603.31726, 644.29358, 179.33551]], device='cuda:0')
Epoch: 2, gbest_position: tensor([[ 79.33310, 260.60544,  86.89344, 697.67847],
        [115.73286, 580.02625, 168.87778, 635.13287],
        [253.09973,  81.67751, 700.00000, 264.04468],
        [  0.00000, 638.08936, 414.57864, 700.00000],
        [466.11047,  65.63699, 249.84474, 184.74161],
        [267.86020,  39.25302, 191.69290, 568.01776],
        [ 61.30407,  40.60699, 700.00000, 668.31927],
        [  0.00000, 220.02563, 700.00000, 624.06989],
        [102.10167, 432.16943, 506.07520, 700.00000],
        [256.53900, 621.33185, 281.55991, 427.21600],
        [148.68207, 446.64319, 131.96831, 550.16388],
        [259.90680, 603.31726, 644.29358, 179.33551]], device='cuda:0')
