Epoch: 0, gbest_position: tensor([[700.00000,  87.79713, 473.59213, 129.07944],
        [297.62488,   4.82180, 562.51068,   0.00000],
        [700.00000, 105.08519,  95.50223, 573.32550],
        [700.00000, 283.35492, 256.18030, 274.83536],
        [574.34473, 136.32399, 567.15723, 219.20613],
        [353.42560,   3.88782,  55.29064,  54.42606],
        [608.92847,   0.00000, 676.04419, 581.88831],
        [516.22571,  14.99992, 178.25069, 447.07495],
        [700.00000, 533.91974, 360.89099, 441.15598],
        [101.42653, 436.41357, 629.82593, 583.70612]], device='cuda:0')
