Epoch: 0, gbest_position: tensor([[699.86237,   8.36859, 604.17163, 697.82471],
        [700.00000, 184.41550,   0.00000,   6.96102],
        [108.74414, 691.73669,   0.00000,   7.01878],
        [  0.00000,   5.45600,  21.99994,   0.00000],
        [  0.00000, 528.67999, 625.50641, 698.06451],
        [234.58533, 648.13373,   2.84369,  15.36289]], device='cuda:0')
Epoch: 1, gbest_position: tensor([[7.00000e+02, 2.11932e+01, 4.95980e+02, 7.00000e+02],
        [7.00000e+02, 5.08690e-02, 0.00000e+00, 1.86419e+01],
        [1.10770e+02, 7.00000e+02, 0.00000e+00, 1.77748e+01],
        [0.00000e+00, 9.64447e+00, 0.00000e+00, 0.00000e+00],
        [0.00000e+00, 2.19791e+02, 4.92374e+02, 6.95131e+02],
        [0.00000e+00, 7.00000e+02, 7.20163e+00, 0.00000e+00]], device='cuda:0')
Epoch: 2, gbest_position: tensor([[7.00000e+02, 2.11932e+01, 4.95980e+02, 7.00000e+02],
        [7.00000e+02, 5.08690e-02, 0.00000e+00, 1.86419e+01],
        [1.10770e+02, 7.00000e+02, 0.00000e+00, 1.77748e+01],
        [0.00000e+00, 9.64447e+00, 0.00000e+00, 0.00000e+00],
        [0.00000e+00, 2.19791e+02, 4.92374e+02, 6.95131e+02],
        [0.00000e+00, 7.00000e+02, 7.20163e+00, 0.00000e+00]], device='cuda:0')
