Epoch: 0, gbest_position: tensor([[  0.00000, 465.17075, 700.00000, 700.00000],
        [172.80292,   0.00000, 700.00000, 114.98199],
        [  0.00000,   0.00000, 126.26062, 700.00000],
        [700.00000,   0.00000, 450.31171, 609.78815],
        [  0.00000, 189.50673, 152.89679, 409.47290],
        [ 23.13899,   0.00000,  47.48689,   0.00000],
        [643.21863, 700.00000, 700.00000,   0.00000],
        [700.00000,  93.33484, 700.00000,   0.00000],
        [700.00000, 696.38214, 377.03885, 602.49011],
        [  0.00000, 115.93793, 218.18291, 210.28674]], device='cuda:0')
Epoch: 1, gbest_position: tensor([[314.37244, 208.39410, 681.02386, 622.01093],
        [  0.00000, 182.86534, 554.88287, 551.88397],
        [128.97746,  13.62848, 277.05679, 561.80078],
        [399.97610,   5.74386, 304.20383, 635.29645],
        [263.00385, 524.82074, 201.52277, 475.22711],
        [  0.00000, 466.29404, 209.17752, 412.06448],
        [290.11298, 439.35919, 431.54227, 149.97675],
        [392.03040, 396.83572, 395.28650, 246.04521],
        [501.57550, 127.80927, 504.83716, 379.11658],
        [518.84558, 283.88049,  81.77203, 185.10101]], device='cuda:0')
