Epoch: 0, gbest_position: tensor([[  0.00000, 700.00000,   0.00000,  17.11568],
        [  0.00000,   0.00000,   0.00000,   0.00000],
        [205.00565, 700.00000, 698.52826, 604.17535],
        [393.02551,   0.00000, 695.83441,   0.00000],
        [700.00000,   3.48876,   0.00000, 700.00000],
        [178.48349, 511.89636, 700.00000,   0.00000],
        [434.26117, 700.00000, 700.00000, 700.00000],
        [696.96558,   0.00000, 289.29932,   0.00000],
        [  0.00000, 700.00000, 460.33176, 564.01019],
        [160.15126, 700.00000, 700.00000,   0.81432],
        [690.42377, 700.00000,   5.18553,   0.00000],
        [700.00000,   0.00000, 700.00000,   0.00000]], device='cuda:0')
Epoch: 1, gbest_position: tensor([[  0.00000, 700.00000,   0.00000,  52.67635],
        [  0.00000,   0.00000,   0.00000,   0.00000],
        [640.00519, 700.00000, 695.55627, 696.97565],
        [531.54614,   0.00000, 687.17969,   0.00000],
        [700.00000,  10.73725,   0.00000, 700.00000],
        [ 15.11119, 243.04924, 700.00000,   0.00000],
        [  9.32394, 700.00000, 700.00000, 700.00000],
        [690.99109,   0.00000,   4.63232,   0.00000],
        [  0.00000, 700.00000, 123.05908, 281.46878],
        [494.26688, 700.00000, 700.00000,   2.50621],
        [670.52826, 700.00000,  15.95933,   0.00000],
        [700.00000,   0.00000, 700.00000,   0.00000]], device='cuda:0')
Epoch: 2, gbest_position: tensor([[  0.00000, 700.00000,   0.00000,  52.67635],
        [  0.00000,   0.00000,   0.00000,   0.00000],
        [640.00519, 700.00000, 695.55627, 696.97565],
        [531.54614,   0.00000, 687.17969,   0.00000],
        [700.00000,  10.73725,   0.00000, 700.00000],
        [ 15.11119, 243.04924, 700.00000,   0.00000],
        [  9.32394, 700.00000, 700.00000, 700.00000],
        [690.99109,   0.00000,   4.63232,   0.00000],
        [  0.00000, 700.00000, 123.05908, 281.46878],
        [494.26688, 700.00000, 700.00000,   2.50621],
        [670.52826, 700.00000,  15.95933,   0.00000],
        [700.00000,   0.00000, 700.00000,   0.00000]], device='cuda:0')
