Epoch: 0, gbest_position: tensor([[700.00000,   0.00000,   0.00000,   0.00000],
        [  0.00000,   0.00000, 100.67842, 637.11255],
        [700.00000,   0.00000,   0.00000, 172.17499],
        [700.00000, 700.00000,   0.00000, 700.00000],
        [700.00000, 392.70651, 700.00000, 700.00000],
        [483.46594,   0.00000, 700.00000,   0.00000]], device='cuda:0')
Epoch: 1, gbest_position: tensor([[700.00000,   0.00000,   0.00000,   0.00000],
        [  0.00000,   0.00000, 403.46365, 476.67343],
        [700.00000,   0.00000,   0.00000, 242.91776],
        [700.00000, 700.00000,   0.00000, 700.00000],
        [700.00000, 146.72916, 700.00000, 700.00000],
        [194.31522,   0.00000, 700.00000,   0.00000]], device='cuda:0')
Epoch: 2, gbest_position: tensor([[700.00000,   0.00000,   0.00000,   0.00000],
        [  0.00000,   0.00000,   0.00000, 690.93042],
        [700.00000,   0.00000,   0.00000,   0.00000],
        [700.00000, 700.00000,   0.00000, 700.00000],
        [700.00000, 549.60168, 700.00000, 700.00000],
        [510.55099,   0.00000, 700.00000,   0.00000]], device='cuda:0')
