Epoch: 0, gbest_position: tensor([[  0.00000,   0.00000,   0.00000,   0.00000],
        [  0.00000, 417.72562, 700.00000, 700.00000],
        [  0.00000, 178.94873, 700.00000, 700.00000],
        [141.68282, 417.54919,   0.00000, 700.00000],
        [  0.00000,   0.00000, 638.22754,   0.00000],
        [  0.00000, 700.00000,   0.00000,   0.00000],
        [700.00000,   0.00000,   0.00000,   0.00000],
        [700.00000, 367.65442, 700.00000, 700.00000],
        [700.00000,  72.02280,   0.00000, 700.00000],
        [  0.00000, 700.00000, 700.00000, 700.00000]], device='cuda:0')
