Epoch: 0, gbest_position: tensor([[ 91.84344,   0.00000,   0.00000, 700.00000],
        [ 92.74927, 121.65201, 134.21048,   0.00000],
        [700.00000,   0.00000, 687.30811, 279.11395],
        [247.07822, 700.00000, 700.00000, 700.00000],
        [537.14801, 376.49823, 356.54041, 225.38011],
        [445.14008, 128.37314, 272.95651, 462.67548],
        [666.08594, 255.33398, 647.44275, 484.29233],
        [ 26.92218, 687.70831, 193.44986, 184.88290],
        [443.63879, 593.52295, 511.03397, 573.39825],
        [ 96.17230, 629.71045, 556.39478, 407.50763],
        [642.94067,  10.73151, 170.00185,  20.47164],
        [139.25172, 477.26263, 549.47064,  32.38805]], device='cuda:0')
Epoch: 1, gbest_position: tensor([[666.13422, 309.35675, 700.00000,   0.00000],
        [700.00000, 359.98981, 472.18414, 505.63022],
        [462.80890, 700.00000, 350.02277, 564.39917],
        [699.12280,   0.00000,  73.31903,  15.21552],
        [457.68408, 397.71683, 499.56442, 671.90283],
        [129.35347, 507.51566, 398.89612,  47.35310],
        [307.20642, 479.11230, 196.69864, 416.98376],
        [ 42.19835, 145.97209,  92.98519,   4.01553],
        [373.04062, 541.26843, 326.19296, 223.48596],
        [475.58170, 189.67424, 666.21844, 187.71771],
        [368.59430, 126.60270, 696.42389, 659.46191],
        [193.16956, 541.19775, 222.31546, 535.47876]], device='cuda:0')
Epoch: 2, gbest_position: tensor([[700.00000, 268.39597, 700.00000,   0.00000],
        [700.00000, 333.22525, 432.89740, 463.64017],
        [494.73590, 700.00000, 391.54388, 532.46277],
        [700.00000,   0.00000,   0.00000,   0.00000],
        [457.68408, 397.71683, 499.56442, 671.90283],
        [129.35347, 507.51566, 398.89612,  47.35310],
        [307.20642, 479.11230, 196.69864, 416.98376],
        [ 42.19835, 145.97209,  92.98519,   4.01553],
        [373.04062, 541.26843, 326.19296, 223.48596],
        [475.58170, 189.67424, 666.21844, 187.71771],
        [368.59430, 126.60270, 696.42389, 659.46191],
        [193.16956, 541.19775, 222.31546, 535.47876]], device='cuda:0')
Epoch: 3, gbest_position: tensor([[700.00000, 268.39597, 700.00000,   0.00000],
        [700.00000, 333.22525, 432.89740, 463.64017],
        [494.73590, 700.00000, 391.54388, 532.46277],
        [700.00000,   0.00000,   0.00000,   0.00000],
        [457.68408, 397.71683, 499.56442, 671.90283],
        [129.35347, 507.51566, 398.89612,  47.35310],
        [307.20642, 479.11230, 196.69864, 416.98376],
        [ 42.19835, 145.97209,  92.98519,   4.01553],
        [373.04062, 541.26843, 326.19296, 223.48596],
        [475.58170, 189.67424, 666.21844, 187.71771],
        [368.59430, 126.60270, 696.42389, 659.46191],
        [193.16956, 541.19775, 222.31546, 535.47876]], device='cuda:0')
Epoch: 0, gbest_position: tensor([[514.83240, 497.83002, 545.82654, 199.97842],
        [ 51.82929, 541.00696, 624.54022, 572.96252],
        [365.73285, 481.23102, 598.30096, 667.08795],
        [ 22.34909, 592.42584,  47.69279,  54.69305],
        [518.50226, 629.10864, 346.00568, 479.00806],
        [ 29.19255, 146.73996, 533.48944, 343.40942],
        [636.37177, 417.66547, 317.09589, 463.97247],
        [504.52933,  72.20255,  52.06110, 583.69592],
        [198.26718, 583.36035,  35.46827, 332.45096],
        [652.82581,  27.58620, 454.54932, 194.59583],
        [586.57990,  16.51853, 151.89662, 225.83389],
        [431.82944, 597.05554, 512.27808, 665.45929]], device='cuda:0')
Epoch: 1, gbest_position: tensor([[490.44897, 521.71454, 577.19177, 162.30595],
        [ 37.72680, 567.60956, 576.69415, 510.10120],
        [360.49399, 414.10107, 627.93530, 696.84900],
        [ 15.72502, 618.52917,  85.24438,  69.27936],
        [452.91605, 549.50079, 456.24353, 559.97595],
        [407.31396, 496.03693, 454.58936, 546.08563],
        [686.59125, 637.17047, 295.99374,  62.12680],
        [392.66187,  72.47471,  89.17239, 174.83553],
        [185.17300, 501.17459, 349.12683, 580.52869],
        [220.03770, 151.06212, 238.94443, 542.10718],
        [272.14453, 117.72950, 175.15170,  25.70448],
        [ 75.62031, 276.78607, 567.82300, 161.27013]], device='cuda:0')
Epoch: 2, gbest_position: tensor([[490.44897, 521.71454, 577.19177, 162.30595],
        [ 37.72680, 567.60956, 576.69415, 510.10120],
        [360.49399, 414.10107, 627.93530, 696.84900],
        [ 15.72502, 618.52917,  85.24438,  69.27936],
        [452.91605, 549.50079, 456.24353, 559.97595],
        [407.31396, 496.03693, 454.58936, 546.08563],
        [686.59125, 637.17047, 295.99374,  62.12680],
        [392.66187,  72.47471,  89.17239, 174.83553],
        [185.17300, 501.17459, 349.12683, 580.52869],
        [220.03770, 151.06212, 238.94443, 542.10718],
        [272.14453, 117.72950, 175.15170,  25.70448],
        [ 75.62031, 276.78607, 567.82300, 161.27013]], device='cuda:0')
Epoch: 3, gbest_position: tensor([[557.05200, 534.86914, 586.68909, 221.36546],
        [ 51.45473, 651.30591, 649.81934, 582.15710],
        [474.98029, 481.48511, 676.18976, 695.70239],
        [ 21.44700, 588.88379, 116.26289,  54.58122],
        [622.31616, 100.77091,  84.25639, 334.08237],
        [338.76230, 101.47287, 380.64783, 401.19363],
        [615.42645, 257.21313, 630.53210,  49.74697],
        [558.98193, 531.10858, 479.52557, 694.41046],
        [323.56393,  87.85895, 552.77924, 360.50012],
        [527.98035,  76.51089, 212.20483, 243.75249],
        [301.30997, 236.16754, 493.74771, 100.01460],
        [579.19440, 105.86741,  55.57746,  28.27151]], device='cuda:0')
