Epoch: 0, gbest_position: tensor([[700.00000, 453.94150,   0.00000,   0.00000],
        [700.00000, 497.64981,   0.00000,   0.00000],
        [  0.95408,   0.00000,   0.00000, 679.19360],
        [700.00000, 645.88013, 677.08838,   1.33644],
        [700.00000, 700.00000,   0.00000,   0.00000],
        [700.00000, 493.56732,   0.00000,   0.00000]], device='cuda:0')
Epoch: 1, gbest_position: tensor([[7.00000e+02, 2.05195e+02, 0.00000e+00, 0.00000e+00],
        [6.99993e+02, 6.13314e+02, 0.00000e+00, 0.00000e+00],
        [1.62290e-01, 0.00000e+00, 0.00000e+00, 6.66909e+02],
        [7.00000e+02, 5.42412e+02, 6.88763e+02, 4.66031e-01],
        [7.00000e+02, 7.00000e+02, 0.00000e+00, 0.00000e+00],
        [7.00000e+02, 7.37879e+01, 1.05191e+02, 0.00000e+00]], device='cuda:0')
Epoch: 2, gbest_position: tensor([[7.00000e+02, 2.05195e+02, 0.00000e+00, 0.00000e+00],
        [6.99993e+02, 6.13314e+02, 0.00000e+00, 0.00000e+00],
        [1.62290e-01, 0.00000e+00, 0.00000e+00, 6.66909e+02],
        [7.00000e+02, 5.42412e+02, 6.88763e+02, 4.66031e-01],
        [7.00000e+02, 7.00000e+02, 0.00000e+00, 0.00000e+00],
        [7.00000e+02, 7.37879e+01, 1.05191e+02, 0.00000e+00]], device='cuda:0')
