Epoch: 0, gbest_position: tensor([[  0.00000,   0.00000, 682.29352,   5.15636],
        [670.16559, 375.02832, 700.00000, 290.71228],
        [664.53601, 509.77423,   0.00000,   0.00000],
        [661.97363, 505.58194,   6.69992, 141.06033],
        [620.54608,   6.46492, 626.66992,   0.00000],
        [  1.95450, 683.61078, 649.79840,   0.00000],
        [697.71143, 695.10217, 700.00000,  58.20235],
        [ 32.84983, 677.24652, 293.82031, 684.34222],
        [674.71570, 700.00000, 700.00000, 659.44635],
        [683.20013,   0.00000, 699.91754,   0.00000],
        [467.65201, 692.54572, 676.04974, 665.80841],
        [  2.45530,  38.36141, 700.00000,  19.35112]], device='cuda:0')
Epoch: 1, gbest_position: tensor([[  0.00000,   0.00000, 678.14648,   6.44350],
        [664.43060, 424.85248, 700.00000, 231.83020],
        [654.19385, 484.45734,   0.00000,   0.00000],
        [652.59845, 635.49396,   8.34851, 170.09091],
        [604.10876,   8.26901, 610.81134,   0.00000],
        [  2.22284, 680.07416, 638.99420,   0.00000],
        [697.44604, 694.30542, 700.00000,  70.82887],
        [ 42.39046, 672.92920, 314.83051, 693.25153],
        [667.68036, 700.00000, 700.00000, 651.07306],
        [678.13727,   0.00000, 699.95966,   0.00000],
        [458.78412, 691.11737, 670.76105, 657.49530],
        [  3.22982,  46.08081, 700.00000,  25.05404]], device='cuda:0')
Epoch: 2, gbest_position: tensor([[0.00000e+00, 1.92631e-01, 6.80695e+02, 3.58589e+00],
        [6.70502e+02, 4.60882e+02, 6.99757e+02, 2.38857e+02],
        [6.66729e+02, 5.14924e+02, 0.00000e+00, 0.00000e+00],
        [6.61318e+02, 4.87549e+02, 4.97924e+00, 1.76205e+02],
        [6.10277e+02, 7.51689e+00, 6.18185e+02, 0.00000e+00],
        [2.77772e+00, 6.82372e+02, 6.53617e+02, 0.00000e+00],
        [6.96952e+02, 6.93236e+02, 7.00000e+02, 5.60883e+01],
        [3.73674e+01, 6.76985e+02, 3.47863e+02, 6.83426e+02],
        [6.71755e+02, 7.00000e+02, 7.00000e+02, 6.54646e+02],
        [6.85614e+02, 0.00000e+00, 6.99912e+02, 0.00000e+00],
        [4.39400e+02, 6.92685e+02, 6.81045e+02, 6.69696e+02],
        [2.74048e+00, 4.00662e+01, 7.00000e+02, 2.10114e+01]], device='cuda:0')
Epoch: 3, gbest_position: tensor([[0.00000e+00, 1.92631e-01, 6.80695e+02, 3.58589e+00],
        [6.70502e+02, 4.60882e+02, 6.99757e+02, 2.38857e+02],
        [6.66729e+02, 5.14924e+02, 0.00000e+00, 0.00000e+00],
        [6.61318e+02, 4.87549e+02, 4.97924e+00, 1.76205e+02],
        [6.10277e+02, 7.51689e+00, 6.18185e+02, 0.00000e+00],
        [2.77772e+00, 6.82372e+02, 6.53617e+02, 0.00000e+00],
        [6.96952e+02, 6.93236e+02, 7.00000e+02, 5.60883e+01],
        [3.73674e+01, 6.76985e+02, 3.47863e+02, 6.83426e+02],
        [6.71755e+02, 7.00000e+02, 7.00000e+02, 6.54646e+02],
        [6.85614e+02, 0.00000e+00, 6.99912e+02, 0.00000e+00],
        [4.39400e+02, 6.92685e+02, 6.81045e+02, 6.69696e+02],
        [2.74048e+00, 4.00662e+01, 7.00000e+02, 2.10114e+01]], device='cuda:0')
