Epoch: 0, gbest_position: tensor([[0.00000e+00, 7.00000e+02, 0.00000e+00, 1.54089e+01],
        [0.00000e+00, 7.39296e+01, 1.68861e+02, 0.00000e+00],
        [1.00061e+02, 0.00000e+00, 1.81280e+02, 2.04421e+02],
        [8.37030e-01, 7.00000e+02, 6.78479e+02, 2.10570e+02],
        [6.53390e+02, 7.00000e+02, 6.57973e+02, 7.00000e+02],
        [6.32269e-01, 1.66186e+02, 1.23722e-01, 1.06182e+01]], device='cuda:0')
Epoch: 1, gbest_position: tensor([[0.00000e+00, 7.00000e+02, 3.20454e+01, 5.07984e+01],
        [2.61310e-01, 8.33821e+01, 1.11414e+02, 1.27448e+01],
        [1.05269e+02, 0.00000e+00, 1.44915e+02, 3.28058e+02],
        [9.79737e-01, 7.00000e+02, 6.86440e+02, 3.78352e+02],
        [6.83881e+02, 7.00000e+02, 6.34302e+02, 6.99882e+02],
        [9.35375e-01, 2.20732e+02, 0.00000e+00, 3.81432e-01]], device='cuda:0')
Epoch: 2, gbest_position: tensor([[0.00000e+00, 7.00000e+02, 3.20454e+01, 5.07984e+01],
        [2.61310e-01, 8.33821e+01, 1.11414e+02, 1.27448e+01],
        [1.05269e+02, 0.00000e+00, 1.44915e+02, 3.28058e+02],
        [9.79737e-01, 7.00000e+02, 6.86440e+02, 3.78352e+02],
        [6.83881e+02, 7.00000e+02, 6.34302e+02, 6.99882e+02],
        [9.35375e-01, 2.20732e+02, 0.00000e+00, 3.81432e-01]], device='cuda:0')
